Cargo.toml
  ai_agent 23
scripts/mine-qubic.sh
  ai_agent 27,41
scripts/mine-dynex.sh
  ai_agent 29,60-61
.qlty/configs/.shellcheckrc
  ai_agent 1-2
.github/workflows/code_quality.yml
  ai_agent 16-20,40
.qlty/qlty.toml
  ai_agent 1-91
crates/theseus-mining/src/main.rs
  ai_agent 119
scripts/mine-monero.sh
  ai_agent 28,49
.github/actionlint.yaml
  ai_agent 1-7
scripts/mine-verus.sh
  ai_agent 28,47
scripts/mine-quai.sh
  ai_agent 27,41
crates/theseus-mining/Cargo.toml
  ai_agent 22
.qlty/configs/.hadolint.yaml
  ai_agent 1-2
.devcontainer/Dockerfile
  ai_agent 14,18,31
.cursor/Dockerfile
  ai_agent 13-19,25,32-33,37-40,45-46,52-53,58-59,68
scripts/mine-kaspa.sh
  ai_agent 28,42
Cargo.lock
  ai_agent 59,70,75,77-83,87,89,93,95,105,107,111,113,117,119,123,125,139,141,153,155,163,165,175,177,182,234,245,266,271,273,277,281-282,284,293,298,300,340,342,345,350,352,356,358,362,364,368,370,374,376,380,400,402,417,419,427-437,439,442,444,456,458,460,469,476,478,481,483,487-510,539,541,545,553,555,566,568,580,582,586,588,600,602,606,608,638,640,666,668,670-671,683,685,714,716,729,731,744,746,761,763,767,793,804,853,855,857,873,884,886,937,939,943,945,952,954,961,963,980,991,996,998,1008,1010,1019,1021,1025,1027,1031,1036,1039,1045,1052-1053,1067,1071,1075-1076,1078,1080,1085,1087,1110,1125-1126,1144,1146,1154,1156,1163,1165,1169,1174,1176,1217,1219,1239,1241,1245,1247,1250,1273,1275,1283-1284,1286,1290,1294-1295,1297,1299,1303-1304,1306,1308-1310,1337,1340,1350,1375,1377,1379,1390,1395,1397,1401,1406,1408,1415,1417,1425,1427,1435,1437,1442,1444,1448,1462-1463,1465,1468,1470,1472-1473,1476-1499,1525,1642,1644,1655,1657,1665,1667,1675,1677,1682,1688,1690,1697,1699,1727,1757,1768,1813,1818,1820,1824,1826,1835,1837,1841,1847,1849,1856,1858,1862,1866-1871,1874,1876,1885,1887,1896,1898,1902,1907,1909
.qlty/.gitignore
  ai_agent 1-7
---
{
  "schema_version": "authorship/3.0.0",
  "git_ai_version": "1.5.2",
  "base_commit_sha": "f8de490df7b388ce79dd67705d94d6c81333a827",
  "prompts": {}
}